Branch[1277]:T: "TIMEOUT"
Branch[19032]:T: [ 1, 1, 2, 2, 2, 3, 4, 4, 6, 6 ]
Branch[19035]:T: "TIMEOUT"
Branch[19574]:T: [ 1, 1, 2, 2, 2, 5, 9, 10, 20, 22 ]
Branch[19595]:T: "TIMEOUT"
Branch[19609]:T: "TIMEOUT"
Branch[19617]:T: [ 2, 5, 7, 9, 18, 25, 33, 34, 43, 80 ]
Branch[19655]:T: [ 3, 3, 5, 5, 8, 8, 10, 11, 38, 41 ]
Branch[19688]:T: [ 4, 5, 5, 6, 12, 14, 19, 19, 20, 20 ]
Branch[19721]:T: [ 2, 4, 5, 7, 7, 7, 10, 12, 20, 29 ]
Branch[19754]:T: [ 1, 2, 3, 5, 7, 11, 17, 20, 21, 52 ]
Branch[19787]:T: [ 1, 1, 3, 5, 6, 13, 17, 17, 25, 29 ]
Branch[19820]:T: [ 2, 3, 4, 8, 12, 13, 18, 21, 23, 25 ]
Branch[19892]:F: [ 1, 20, 27, 28, 37, 47, 67, 70, 83, 87 ]
Branch[20029]:T: [ 1, 1, 1, 2, 2, 3, 5, 7, 12, 19 ]
Branch[20035]:T: "TIMEOUT"
Branch[20054]:T: [ 2, 2, 2, 3, 3, 4, 6, 8, 8, 13 ]
Branch[20282]:T: [ 1, 2, 2, 3, 4, 4, 4, 6, 8, 12 ]
Branch[286]:F: [ 1, 1, 1, 1, 1, 3, 3, 3, 4, 5 ]
Branch[288]:F: [ 1, 1, 1, 1, 2, 3, 4, 5, 8 ]
